[ 0 1 3 6 10 15 21 ][ 0 5 11 12 14 17 21 ][ 0 3 7 12 18 19 21 ]7
3 5 0
[ 0 1 3 6 10 15 21 ][ 0 3 7 12 18 19 21 ][ 0 5 11 12 14 17 21 ]7
3 5 0
[ 0 5 11 12 14 17 21 ][ 0 1 3 6 10 15 21 ][ 0 3 7 12 18 19 21 ]7
1 3 3
[ 0 5 11 12 14 17 21 ][ 0 3 7 12 18 19 21 ][ 0 1 3 6 10 15 21 ]7
1 3 11
